  L1Summary Algorithm Triggers 
Bit     Name    Pre-DT Counts Before Prescale   Pre-DT Rate, Hz Before Prescale Pre-DT Counts After Prescale    Pre-DT Rate, Hz After Prescale  Post-DT Counts From HLT Post-DT Rate, Hz From HLT       Initial Prescale        Final Prescale  
0       L1_SingleMuCosmics      15782190011     2,708,109.33    0       0.00    0       0.00    0       0       
1       L1_SingleMuCosmics_BMTF 1171346431      200,994.55      0       0.00    0       0.00    0       0       
2       L1_SingleMuCosmics_OMTF 1106404989      189,851.07      0       0.00    0       0.00    0       0       
3       L1_SingleMuCosmics_EMTF 13783403710     2,365,132.10    0       0.00    0       0.00    0       0       
4       L1_SingleMuOpen 15776845049     2,707,192.18    250301  42.95   241149  41.55   63000   63000   
5       L1_SingleMu0_DQ 10928483404     1,875,248.48    0       0.00    0       0.00    0       0       
6       L1_SingleMu0_BMTF       1171275309      200,982.35      0       0.00    0       0.00    0       0       
7       L1_SingleMu0_OMTF       715300494       122,740.38      0       0.00    0       0.00    0       0       
8       L1_SingleMu0_EMTF       7027452587      1,205,859.89    0       0.00    0       0.00    0       0       
9       L1_SingleMu3    5595939329      960,222.60      254237  43.63   244765  42.17   22000   22000   
10      L1_SingleMu5    1804146425      309,578.44      1061140 182.08  1021083 175.92  1700    1700    
11      L1_SingleMu7_DQ 757007298       129,896.96      0       0.00    0       0.00    0       0       
12      L1_SingleMu7    713226749       122,384.54      4245834 728.55  4084093 703.63  200     160     
13      L1_SingleMu12_DQ_BMTF   36688129        6,295.42        0       0.00    0       0.00    0       0       
14      L1_SingleMu12_DQ_OMTF   43456223        7,456.77        0       0.00    0       0.00    0       0       
15      L1_SingleMu12_DQ_EMTF   79172499        13,585.43       0       0.00    0       0.00    0       0       
16      L1_SingleMu15_DQ        85748609        14,713.84       65839   11.30   63338   10.91   1300    1300    
17      L1_SingleMu18   52282059        8,971.22        248838  42.70   239160  41.20   210     210     
18      L1_SingleMu20   41299366        7,086.67        0       0.00    0       0.00    0       0       
19      L1_SingleMu22   33478960        5,744.75        33478960        5,744.75        32155189        5,539.90        1       1       
20      L1_SingleMu22_BMTF      9176979 1,574.70        0       0.00    0       0.00    0       0       
21      L1_SingleMu22_OMTF      9976916 1,711.97        0       0.00    0       0.00    0       0       
22      L1_SingleMu22_EMTF      14398247        2,470.63        0       0.00    0       0.00    0       0       
23      L1_SingleMu25   27555788        4,728.37        27555788        4,728.37        26462911        4,559.20        1       1       
24              n/a     n/a     n/a     n/a     0       0.00    0       0       
25      L1_SingleMu6er1p5       725701736       124,525.15      0       0.00    0       0.00    0       0       
26      L1_SingleMu7er1p5       469746472       80,605.09       0       0.00    0       0.00    0       0       
27      L1_SingleMu8er1p5       308281262       52,898.83       0       0.00    0       0.00    0       0       
28      L1_SingleMu9er1p5       195820395       33,601.36       0       0.00    0       0.00    0       0       
29      L1_SingleMu10er1p5      157108033       26,958.60       0       0.00    0       0.00    0       0       
30      L1_SingleMu12er1p5      95933473        16,461.49       72929262        12,514.13       69951159        12,051.63       0       1       
31      L1_SingleMu14er1p5      63280393        10,858.46       0       0.00    0       0.00    0       0       
32      L1_SingleMu16er1p5      45181967        7,752.90        0       0.00    0       0.00    0       0       
33      L1_SingleMu18er1p5      34055348        5,843.65        0       0.00    0       0.00    0       0       
34              n/a     n/a     n/a     n/a     0       0.00    0       0       
35              n/a     n/a     n/a     n/a     0       0.00    0       0       
36              n/a     n/a     n/a     n/a     0       0.00    0       0       
37              n/a     n/a     n/a     n/a     0       0.00    0       0       
38              n/a     n/a     n/a     n/a     0       0.00    0       0       
39      L1_DoubleMu0_OQ 1382674967      237,257.00      0       0.00    0       0.00    0       0       
40      L1_DoubleMu0    636070326       109,145.05      0       0.00    0       0.00    0       0       
41      L1_DoubleMu0_SQ 372675225       63,948.37       248319  42.61   239206  41.21   1500    1500    
42      L1_DoubleMu0_SQ_OS      193320646       33,172.42       0       0.00    0       0.00    0       0       
43      L1_DoubleMu0_Mass_Min1  1374773204      235,901.11      0       0.00    0       0.00    0       0       
44      L1_DoubleMu8_SQ 4465731 766.29  0       0.00    0       0.00    0       0       
45      L1_DoubleMu9_SQ 2554750 438.38  2554750 438.38  2456262 423.18  1       1       
46      L1_DoubleMu_12_5        7073359 1,213.74        0       0.00    0       0.00    0       0       
47      L1_DoubleMu_15_5_SQ     3761203 645.40  3761203 645.40  3616307 623.04  1       1       
48      L1_DoubleMu_15_7        2360061 404.97  2360061 404.97  2268561 390.84  1       1       
49      L1_DoubleMu_15_7_SQ     2145751 368.20  2145751 368.20  2062295 355.31  1       1       
50      L1_DoubleMu_15_7_Mass_Min1      10438862        1,791.23        0       0.00    0       0.00    0       0       
51      L1_DoubleMu18er2p1      244671  41.98   244671  41.98   234399  40.38   1       1       
52              n/a     n/a     n/a     n/a     0       0.00    0       0       
53      L1_DoubleMu0er2p0_SQ_dR_Max1p4  51222716        8,789.45        0       0.00    0       0.00    0       0       
54      L1_DoubleMu0er2p0_SQ_OS_dR_Max1p4       23482998        4,029.51        0       0.00    0       0.00    0       0       
55      L1_DoubleMu0er1p5_SQ    61826863        10,609.04       0       0.00    0       0.00    0       0       
56      L1_DoubleMu0er1p5_SQ_OS 30331433        5,204.65        92988   15.96   89520   15.42   450     300     
57      L1_DoubleMu0er1p5_SQ_dR_Max1p4  31129103        5,341.53        0       0.00    0       0.00    0       0       
58      L1_DoubleMu0er1p5_SQ_OS_dR_Max1p4       13902787        2,385.62        13902787        2,385.62        13376029        2,304.51        1       1       
59      L1_DoubleMu0er1p4_SQ_OS_dR_Max1p4       10987255        1,885.33        10987255        1,885.33        10568645        1,820.83        1       1       
60      L1_DoubleMu4_SQ_OS      39651925        6,803.98        73816   12.67   70997   12.23   700     500     
61      L1_DoubleMu4_SQ_OS_dR_Max1p2    14053478        2,411.47        14053478        2,411.47        13529739        2,330.99        1       1       
62      L1_DoubleMu4p5_SQ_OS    23659262        4,059.76        29462   5.06    28388   4.89    800     800     
63      L1_DoubleMu4p5_SQ_OS_dR_Max1p2  8772757 1,505.34        8772757 1,505.34        8444610 1,454.89        1       1       
64      L1_DoubleMu4p5er2p0_SQ_OS       17880880        3,068.23        300878  51.63   289578  49.89   80      55      
65      L1_DoubleMu4p5er2p0_SQ_OS_Mass_Min7     11143558        1,912.15        0       0.00    0       0.00    0       0       
66      L1_DoubleMu4p5er2p0_SQ_OS_Mass7to18     6838223 1,173.39        6838223 1,173.39        6580982 1,133.81        1       1       
67              n/a     n/a     n/a     n/a     0       0.00    0       0       
68              n/a     n/a     n/a     n/a     0       0.00    0       0       
69              n/a     n/a     n/a     n/a     0       0.00    0       0       
70              n/a     n/a     n/a     n/a     0       0.00    0       0       
71      L1_TripleMu0_OQ 99367237        17,050.70       0       0.00    0       0.00    0       0       
72      L1_TripleMu0    31049040        5,327.79        0       0.00    0       0.00    0       0       
73      L1_TripleMu0_SQ 13310998        2,284.07        0       0.00    0       0.00    0       0       
74      L1_TripleMu3    8009128 1,374.31        0       0.00    0       0.00    0       0       
75      L1_TripleMu3_SQ 5077278 871.22  5077278 871.22  4887495 842.05  1       1       
76      L1_TripleMu_5SQ_3SQ_0OQ 14461121        2,481.42        648783  111.33  624059  107.52  35      20      
77      L1_TripleMu_5_3p5_2p5   6769311 1,161.56        303807  52.13   292369  50.37   35      20      
78      L1_TripleMu_5_3_3       5441077 933.65  5441077 933.65  5237299 902.31  1       1       
79      L1_TripleMu_5_3_3_SQ    3813486 654.37  3813486 654.37  3670582 632.39  1       1       
80      L1_TripleMu_5_5_3       2452298 420.80  2452298 420.80  2360143 406.62  1       1       
81              n/a     n/a     n/a     n/a     0       0.00    0       0       
82      L1_TripleMu_5_3p5_2p5_OQ_DoubleMu_5_2p5_OQ_OS_Mass_5to17        5724193 982.23  0       0.00    0       0.00    0       0       
83      L1_TripleMu_5_3p5_2p5_DoubleMu_5_2p5_OS_Mass_5to17      3058721 524.85  3058721 524.85  2943681 507.16  1       1       
84      L1_TripleMu_5_4_2p5_DoubleMu_5_2p5_OS_Mass_5to17        2541333 436.07  2541333 436.07  2445442 421.32  1       1       
85      L1_TripleMu_5SQ_3SQ_0OQ_DoubleMu_5_3_SQ_OS_Mass_Max9    3706440 636.00  3706440 636.00  3567962 614.71  1       1       
86      L1_TripleMu_5SQ_3SQ_0_DoubleMu_5_3_SQ_OS_Mass_Max9      2700655 463.41  2700655 463.41  2599829 447.91  1       1       
87              n/a     n/a     n/a     n/a     0       0.00    0       0       
88      L1_QuadMu0_OQ   6381169 1,094.96        0       0.00    0       0.00    0       0       
89      L1_QuadMu0      1377024 236.29  0       0.00    0       0.00    0       0       
90      L1_QuadMu0_SQ   433995  74.47   0       0.00    0       0.00    0       0       
91              n/a     n/a     n/a     n/a     0       0.00    0       0       
92              n/a     n/a     n/a     n/a     0       0.00    0       0       
93              n/a     n/a     n/a     n/a     0       0.00    0       0       
94              n/a     n/a     n/a     n/a     0       0.00    0       0       
95              n/a     n/a     n/a     n/a     0       0.00    0       0       
96      L1_Mu5_EG23er2p5        7792805 1,337.19        0       0.00    0       0.00    0       0       
97      L1_Mu7_EG20er2p5        6181125 1,060.64        0       0.00    0       0.00    0       0       
98      L1_Mu7_EG23er2p5        4162318 714.22  4162318 714.22  4004213 689.87  1       1       
99      L1_Mu20_EG10er2p5       5233463 898.02  5233463 898.02  5029959 866.59  1       1       
100     L1_Mu5_LooseIsoEG20er2p5        7914179 1,358.02        0       0.00    0       0.00    0       0       
101     L1_Mu7_LooseIsoEG20er2p5        4044300 693.97  4044300 693.97  3890571 670.29  1       1       
102     L1_Mu7_LooseIsoEG23er2p5        2902015 497.96  2902015 497.96  2791677 480.97  1       1       
103             n/a     n/a     n/a     n/a     0       0.00    0       0       
104     L1_Mu6_DoubleEG10er2p5  7382715 1,266.82        0       0.00    0       0.00    0       0       
105     L1_Mu6_DoubleEG12er2p5  2165931 371.66  2165931 371.66  2083091 358.89  1       1       
106     L1_Mu6_DoubleEG15er2p5  771797  132.43  771797  132.43  742035  127.84  1       1       
107     L1_Mu6_DoubleEG17er2p5  395277  67.83   395277  67.83   380012  65.47   1       1       
108             n/a     n/a     n/a     n/a     0       0.00    0       0       
109     L1_DoubleMu4_SQ_EG9er2p5        9990244 1,714.25        0       0.00    0       0.00    0       0       
110     L1_DoubleMu5_SQ_EG9er2p5        4131504 708.94  4131504 708.94  3975237 684.88  1       1       
111             n/a     n/a     n/a     n/a     0       0.00    0       0       
112     L1_DoubleMu3_OS_DoubleEG7p5Upsilon      837544  143.72  837544  143.72  806016  138.87  1       1       
113     L1_DoubleMu5Upsilon_OS_DoubleEG3        1476815 253.41  1476815 253.41  1421051 244.83  1       1       
114             n/a     n/a     n/a     n/a     0       0.00    0       0       
115             n/a     n/a     n/a     n/a     0       0.00    0       0       
116             n/a     n/a     n/a     n/a     0       0.00    0       0       
117             n/a     n/a     n/a     n/a     0       0.00    0       0       
118             n/a     n/a     n/a     n/a     0       0.00    0       0       
119     L1_Mu3_Jet30er2p5       1950017613      334,608.88      177167  30.40   170466  29.37   11000   11000   
120             n/a     n/a     n/a     n/a     0       0.00    0       0       
121     L1_Mu3_Jet16er2p5_dR_Max0p4     428205753       73,477.00       1274517 218.70  1225965 211.22  400     320     
122     L1_Mu3_Jet35er2p5_dR_Max0p4     109414711       18,774.77       508287  87.22   488785  84.21   256     205     
123     L1_Mu3_Jet60er2p5_dR_Max0p4     21949018        3,766.29        498595  85.56   479453  82.60   52      42      
124     L1_Mu3_Jet80er2p5_dR_Max0p4     7863977 1,349.40        743175  127.52  714668  123.13  13      10      
125     L1_Mu3_Jet120er2p5_dR_Max0p8    2113807 362.71  704527  120.89  677402  116.71  3       3       
126     L1_Mu3_Jet120er2p5_dR_Max0p4    1720694 295.26  792126  135.92  761344  131.17  3       2       
127             n/a     n/a     n/a     n/a     0       0.00    0       0       
128     L1_Mu3er1p5_Jet100er2p5_ETMHF40 5559124 953.91  5559124 953.91  5344782 920.83  1       1       
129     L1_Mu3er1p5_Jet100er2p5_ETMHF50 4182174 717.63  4182174 717.63  4020187 692.62  1       1       
130             n/a     n/a     n/a     n/a     0       0.00    0       0       
131     L1_Mu6_HTT240er 3944626 676.87  3944626 676.87  3791915 653.30  1       1       
132     L1_Mu6_HTT250er 3420798 586.98  3420798 586.98  3288352 566.54  1       1       
133             n/a     n/a     n/a     n/a     0       0.00    0       0       
134     L1_Mu10er2p3_Jet32er2p3_dR_Max0p4_DoubleJet32er2p3_dEta_Max1p6  10987007        1,885.29        0       0.00    0       0.00    0       0       
135     L1_Mu12er2p3_Jet40er2p3_dR_Max0p4_DoubleJet40er2p3_dEta_Max1p6  4811324 825.59  4811324 825.59  4624106 796.67  1       1       
136     L1_Mu12er2p3_Jet40er2p1_dR_Max0p4_DoubleJet40er2p1_dEta_Max1p6  4680469 803.13  4680469 803.13  4498251 774.99  1       1       
137             n/a     n/a     n/a     n/a     0       0.00    0       0       
138             n/a     n/a     n/a     n/a     0       0.00    0       0       
139             n/a     n/a     n/a     n/a     0       0.00    0       0       
140             n/a     n/a     n/a     n/a     0       0.00    0       0       
141             n/a     n/a     n/a     n/a     0       0.00    0       0       
142     L1_DoubleMu0_dR_Max1p6_Jet90er2p5_dR_Max0p8     390209  66.96   390209  66.96   375564  64.70   1       1       
143     L1_DoubleMu3_dR_Max1p6_Jet90er2p5_dR_Max0p8     299498  51.39   299498  51.39   288141  49.64   1       1       
144             n/a     n/a     n/a     n/a     0       0.00    0       0       
145     L1_DoubleMu3_SQ_ETMHF50_HTT60er 2973991 510.32  0       0.00    0       0.00    0       0       
146     L1_DoubleMu3_SQ_ETMHF50_Jet60er2p5_OR_DoubleJet40er2p5  2037401 349.60  2037401 349.60  1959949 337.67  1       1       
147     L1_DoubleMu3_SQ_ETMHF50_Jet60er2p5      1640287 281.46  1640287 281.46  1577974 271.86  1       1       
148     L1_DoubleMu3_SQ_ETMHF60_Jet60er2p5      914516  156.92  914516  156.92  879791  151.58  1       1       
149             n/a     n/a     n/a     n/a     0       0.00    0       0       
150     L1_DoubleMu3_SQ_HTT220er        994572  170.66  994572  170.66  957015  164.88  1       1       
151     L1_DoubleMu3_SQ_HTT240er        748689  128.47  748689  128.47  720374  124.11  1       1       
152     L1_DoubleMu3_SQ_HTT260er        573345  98.38   573345  98.38   551649  95.04   1       1       
153             n/a     n/a     n/a     n/a     0       0.00    0       0       
154             n/a     n/a     n/a     n/a     0       0.00    0       0       
155             n/a     n/a     n/a     n/a     0       0.00    0       0       
156             n/a     n/a     n/a     n/a     0       0.00    0       0       
157             n/a     n/a     n/a     n/a     0       0.00    0       0       
158             n/a     n/a     n/a     n/a     0       0.00    0       0       
159     L1_SingleEG8er2p5       15408442810     2,643,977.02    350076  60.07   336452  57.97   44000   44000   
160     L1_SingleEG10er2p5      9391630143      1,611,535.61    1235619 212.02  1187107 204.52  7600    7600    
161     L1_SingleEG15er2p5      1853492607      318,045.89      1372830 235.57  1319064 227.26  1350    1350    
162     L1_SingleEG26er2p5      161332510       27,683.49       206721  35.47   198430  34.19   780     780     
163     L1_SingleEG28_FWD2p5    3281380 563.06  0       0.00    0       0.00    0       0       
164     L1_SingleEG28er2p5      127525978       21,882.53       0       0.00    0       0.00    0       0       
165     L1_SingleEG28er2p1      100572279       17,257.47       0       0.00    0       0.00    0       0       
166     L1_SingleEG28er1p5      68001884        11,668.63       0       0.00    0       0.00    0       0       
167     L1_SingleEG34er2p5      65687721        11,271.54       0       0.00    0       0.00    0       0       
168     L1_SingleEG36er2p5      53696232        9,213.88        53696232        9,213.88        51514996        8,875.33        1       1       
169     L1_SingleEG38er2p5      45025355        7,726.02        45025355        7,726.02        43184439        7,440.09        1       1       
170     L1_SingleEG40er2p5      37737796        6,475.53        37737796        6,475.53        36184041        6,234.01        1       1       
171     L1_SingleEG42er2p5      32229784        5,530.40        32229784        5,530.40        30893705        5,322.56        1       1       
172     L1_SingleEG45er2p5      25661000        4,403.24        25661000        4,403.24        24586534        4,235.92        1       1       
173     L1_SingleEG50   19715185        3,382.98        0       0.00    0       0.00    0       0       
174     L1_SingleEG60   13550197        2,325.12        13550197        2,325.12        12963372        2,233.41        1       1       
175     L1_SingleLooseIsoEG26er2p5      127047278       21,800.39       0       0.00    0       0.00    0       0       
176     L1_SingleLooseIsoEG26er1p5      62466300        10,718.76       0       0.00    0       0.00    0       0       
177     L1_SingleLooseIsoEG28_FWD2p5    3144440 539.56  0       0.00    0       0.00    0       0       
178     L1_SingleLooseIsoEG28er2p5      103991459       17,844.18       0       0.00    0       0.00    0       0       
179     L1_SingleLooseIsoEG28er2p1      77677443        13,328.89       0       0.00    0       0.00    0       0       
180     L1_SingleLooseIsoEG28er1p5      51731001        8,876.66        0       0.00    0       0.00    0       0       
181     L1_SingleLooseIsoEG30er2p5      83838428        14,386.07       0       0.00    0       0.00    0       0       
182     L1_SingleLooseIsoEG30er1p5      44112151        7,569.33        0       0.00    0       0.00    0       0       
183     L1_SingleIsoEG24er2p1   77706109        13,333.80       0       0.00    0       0.00    0       0       
184     L1_SingleIsoEG24er1p5   51400377        8,819.93        0       0.00    0       0.00    0       0       
185     L1_SingleIsoEG26er2p5   90179438        15,474.14       0       0.00    0       0.00    0       0       
186     L1_SingleIsoEG26er2p1   70562889        12,108.08       0       0.00    0       0.00    0       0       
187     L1_SingleIsoEG26er1p5   48379268        8,301.53        0       0.00    0       0.00    0       0       
188     L1_SingleIsoEG28_FWD2p5 1543589 264.87  0       0.00    0       0.00    0       0       
189     L1_SingleIsoEG28er2p5   81334275        13,956.37       81334275        13,956.37       78070701        13,450.51       1       1       
190     L1_SingleIsoEG28er2p1   64004198        10,982.66       64004198        10,982.66       61486363        10,593.26       1       1       
191     L1_SingleIsoEG28er1p5   44293695        7,600.48        0       0.00    0       0.00    0       0       
192     L1_SingleIsoEG30er2p5   71368631        12,246.34       71368631        12,246.34       68494038        11,800.58       1       1       
193     L1_SingleIsoEG30er2p1   57233894        9,820.92        57233894        9,820.92        54979272        9,472.18        1       1       
194     L1_SingleIsoEG32er2p5   63501549        10,896.41       63501549        10,896.41       60934293        10,498.14       1       1       
195     L1_SingleIsoEG32er2p1   51683611        8,868.53        51683611        8,868.53        49645855        8,553.30        1       1       
196     L1_SingleIsoEG34er2p5   55805412        9,575.80        55805412        9,575.80        53540124        9,224.23        1       1       
197     L1_IsoEG32er2p5_Mt40    50998885        8,751.04        50998885        8,751.04        48920335        8,428.30        1       1       
198     L1_IsoEG32er2p5_Mt44    49254694        8,451.75        49254694        8,451.75        47244200        8,139.53        1       1       
199     L1_IsoEG32er2p5_Mt48    47259320        8,109.36        47259320        8,109.36        45326749        7,809.18        1       1       
200             n/a     n/a     n/a     n/a     0       0.00    0       0       
201             n/a     n/a     n/a     n/a     0       0.00    0       0       
202             n/a     n/a     n/a     n/a     0       0.00    0       0       
203             n/a     n/a     n/a     n/a     0       0.00    0       0       
204             n/a     n/a     n/a     n/a     0       0.00    0       0       
205     L1_DoubleEG_15_10_er2p5 174736457       29,983.51       0       0.00    0       0.00    0       0       
206     L1_DoubleEG_20_10_er2p5 56801048        9,746.65        0       0.00    0       0.00    0       0       
207     L1_DoubleEG_22_10_er2p5 42495088        7,291.85        0       0.00    0       0.00    0       0       
208     L1_DoubleEG_25_12_er2p5 17407498        2,987.00        17407498        2,987.00        16722516        2,881.06        1       1       
209     L1_DoubleEG_25_14_er2p5 12531209        2,150.26        12531209        2,150.26        12038664        2,074.10        1       1       
210     L1_DoubleEG_27_14_er2p5 10377325        1,780.67        10377325        1,780.67        9969289 1,717.57        1       1       
211             n/a     n/a     n/a     n/a     0       0.00    0       0       
212     L1_DoubleEG_LooseIso20_10_er2p5 39407673        6,762.07        0       0.00    0       0.00    0       0       
213     L1_DoubleEG_LooseIso22_10_er2p5 30461349        5,226.95        0       0.00    0       0.00    0       0       
214     L1_DoubleEG_LooseIso22_12_er2p5 17495880        3,002.17        17495880        3,002.17        16807615        2,895.72        1       1       
215     L1_DoubleEG_LooseIso25_12_er2p5 13124025        2,251.99        13124025        2,251.99        12607345        2,172.07        1       1       
216             n/a     n/a     n/a     n/a     0       0.00    0       0       
217     L1_DoubleLooseIsoEG22er2p1      1346993 231.13  1346993 231.13  1293899 222.92  1       1       
218     L1_DoubleLooseIsoEG24er2p1      1159937 199.04  1159937 199.04  1114225 191.97  1       1       
219             n/a     n/a     n/a     n/a     0       0.00    0       0       
220             n/a     n/a     n/a     n/a     0       0.00    0       0       
221             n/a     n/a     n/a     n/a     0       0.00    0       0       
222             n/a     n/a     n/a     n/a     0       0.00    0       0       
223             n/a     n/a     n/a     n/a     0       0.00    0       0       
224     L1_TripleEG_16_12_8_er2p5       11140564        1,911.64        0       0.00    0       0.00    0       0       
225     L1_TripleEG_16_15_8_er2p5       5468250 938.31  0       0.00    0       0.00    0       0       
226     L1_TripleEG_18_17_8_er2p5       2566163 440.33  2566163 440.33  2464980 424.68  1       1       
227     L1_TripleEG_18_18_12_er2p5      736405  126.36  736405  126.36  707363  121.87  1       1       
228     L1_TripleEG16er2p5      352693  60.52   352693  60.52   338796  58.37   1       1       
229             n/a     n/a     n/a     n/a     0       0.00    0       0       
230             n/a     n/a     n/a     n/a     0       0.00    0       0       
231             n/a     n/a     n/a     n/a     0       0.00    0       0       
232             n/a     n/a     n/a     n/a     0       0.00    0       0       
233             n/a     n/a     n/a     n/a     0       0.00    0       0       
234     L1_LooseIsoEG26er2p1_Jet34er2p5_dR_Min0p3       48069681        8,248.41        0       0.00    0       0.00    0       0       
235     L1_LooseIsoEG28er2p1_Jet34er2p5_dR_Min0p3       40950421        7,026.80        40950421        7,026.80        39337118        6,777.25        1       1       
236     L1_LooseIsoEG30er2p1_Jet34er2p5_dR_Min0p3       34995845        6,005.03        34995845        6,005.03        33616753        5,791.71        1       1       
237             n/a     n/a     n/a     n/a     0       0.00    0       0       
238     L1_LooseIsoEG24er2p1_HTT100er   51777301        8,884.61        0       0.00    0       0.00    0       0       
239     L1_LooseIsoEG26er2p1_HTT100er   46348411        7,953.05        46348411        7,953.05        44516925        7,669.66        1       1       
240     L1_LooseIsoEG28er2p1_HTT100er   41802942        7,173.08        41802942        7,173.08        40150224        6,917.33        1       1       
241     L1_LooseIsoEG30er2p1_HTT100er   37666224        6,463.25        37666224        6,463.25        36176417        6,232.70        1       1       
242             n/a     n/a     n/a     n/a     0       0.00    0       0       
243             n/a     n/a     n/a     n/a     0       0.00    0       0       
244             n/a     n/a     n/a     n/a     0       0.00    0       0       
245             n/a     n/a     n/a     n/a     0       0.00    0       0       
246             n/a     n/a     n/a     n/a     0       0.00    0       0       
247     L1_DoubleEG8er2p5_HTT260er      6790912 1,165.27        0       0.00    0       0.00    0       0       
248     L1_DoubleEG8er2p5_HTT280er      5327642 914.18  0       0.00    0       0.00    0       0       
249     L1_DoubleEG8er2p5_HTT300er      4308777 739.35  4308777 739.35  4136295 712.63  1       1       
250     L1_DoubleEG8er2p5_HTT320er      3584645 615.10  3584645 615.10  3441036 592.84  1       1       
251     L1_DoubleEG8er2p5_HTT340er      3056025 524.39  3056025 524.39  2933706 505.44  1       1       
252             n/a     n/a     n/a     n/a     0       0.00    0       0       
253             n/a     n/a     n/a     n/a     0       0.00    0       0       
254             n/a     n/a     n/a     n/a     0       0.00    0       0       
255             n/a     n/a     n/a     n/a     0       0.00    0       0       
256             n/a     n/a     n/a     n/a     0       0.00    0       0       
257     L1_LooseIsoEG22er2p1_IsoTau26er2p1_dR_Min0p3    21362796        3,665.70        21362796        3,665.70        20521996        3,535.66        1       1       
258     L1_LooseIsoEG24er2p1_IsoTau27er2p1_dR_Min0p3    16594855        2,847.56        16594855        2,847.56        15942078        2,746.60        1       1       
259     L1_LooseIsoEG22er2p1_Tau70er2p1_dR_Min0p3       4218146 723.80  4218146 723.80  4051866 698.08  1       1       
260             n/a     n/a     n/a     n/a     0       0.00    0       0       
261             n/a     n/a     n/a     n/a     0       0.00    0       0       
262             n/a     n/a     n/a     n/a     0       0.00    0       0       
263             n/a     n/a     n/a     n/a     0       0.00    0       0       
264             n/a     n/a     n/a     n/a     0       0.00    0       0       
265             n/a     n/a     n/a     n/a     0       0.00    0       0       
266             n/a     n/a     n/a     n/a     0       0.00    0       0       
267             n/a     n/a     n/a     n/a     0       0.00    0       0       
268             n/a     n/a     n/a     n/a     0       0.00    0       0       
269             n/a     n/a     n/a     n/a     0       0.00    0       0       
270     L1_SingleTau120er2p1    10085424        1,730.59        10085424        1,730.59        9682705 1,668.20        1       1       
271     L1_SingleTau130er2p1    7984904 1,370.15        7984904 1,370.15        7665054 1,320.58        1       1       
272             n/a     n/a     n/a     n/a     0       0.00    0       0       
273     L1_DoubleTau70er2p1     9715600 1,667.13        9715600 1,667.13        9333964 1,608.11        1       1       
274             n/a     n/a     n/a     n/a     0       0.00    0       0       
275     L1_DoubleIsoTau32er2p1  59069464        10,135.89       59069464        10,135.89       56745552        9,776.48        1       1       
276     L1_DoubleIsoTau34er2p1  47674618        8,180.62        47674618        8,180.62        45799207        7,890.58        1       1       
277     L1_DoubleIsoTau36er2p1  40467801        6,943.98        40467801        6,943.98        38875540        6,697.72        1       1       
278     L1_DoubleIsoTau28er2p1_Mass_Max90       40639229        6,973.40        0       0.00    0       0.00    0       0       
279     L1_DoubleIsoTau28er2p1_Mass_Max80       30376410        5,212.37        0       0.00    0       0.00    0       0       
280             n/a     n/a     n/a     n/a     0       0.00    0       0       
281     L1_Mu18er2p1_Tau24er2p1 14016222        2,405.08        14016222        2,405.08        13470380        2,320.76        1       1       
282     L1_Mu18er2p1_Tau26er2p1 6747003 1,157.74        6747003 1,157.74        6485744 1,117.40        1       1       
283             n/a     n/a     n/a     n/a     0       0.00    0       0       
284     L1_Mu22er2p1_IsoTau32er2p1      2018041 346.28  0       0.00    0       0.00    0       0       
285     L1_Mu22er2p1_IsoTau34er2p1      1773648 304.35  1773648 304.35  1704968 293.74  1       1       
286     L1_Mu22er2p1_IsoTau36er2p1      1598145 274.23  1598145 274.23  1536292 264.68  1       1       
287     L1_Mu22er2p1_IsoTau40er2p1      1327186 227.74  1327186 227.74  1275802 219.80  1       1       
288             n/a     n/a     n/a     n/a     0       0.00    0       0       
289     L1_Mu22er2p1_Tau70er2p1 502039  86.15   502039  86.15   482472  83.12   1       1       
290             n/a     n/a     n/a     n/a     0       0.00    0       0       
291     L1_IsoTau40er2p1_ETMHF80        20921763        3,590.02        0       0.00    0       0.00    0       0       
292     L1_IsoTau40er2p1_ETMHF90        12627219        2,166.74        12627219        2,166.74        12117076        2,087.61        1       1       
293     L1_IsoTau40er2p1_ETMHF100       8187798 1,404.97        8187798 1,404.97        7854681 1,353.25        1       1       
294     L1_IsoTau40er2p1_ETMHF110       5782002 992.15  5782002 992.15  5544846 955.30  1       1       
295             n/a     n/a     n/a     n/a     0       0.00    0       0       
296             n/a     n/a     n/a     n/a     0       0.00    0       0       
297             n/a     n/a     n/a     n/a     0       0.00    0       0       
298     L1_QuadJet36er2p5_IsoTau52er2p1 12071979        2,071.46        63427   10.88   60899   10.49   190     190     
299             n/a     n/a     n/a     n/a     0       0.00    0       0       
300             n/a     n/a     n/a     n/a     0       0.00    0       0       
301             n/a     n/a     n/a     n/a     0       0.00    0       0       
302             n/a     n/a     n/a     n/a     0       0.00    0       0       
303             n/a     n/a     n/a     n/a     0       0.00    0       0       
304             n/a     n/a     n/a     n/a     0       0.00    0       0       
305             n/a     n/a     n/a     n/a     0       0.00    0       0       
306             n/a     n/a     n/a     n/a     0       0.00    0       0       
307             n/a     n/a     n/a     n/a     0       0.00    0       0       
308             n/a     n/a     n/a     n/a     0       0.00    0       0       
309     L1_SingleJet35  24382079800     4,183,788.04    380852  65.35   365925  63.04   64000   64000   
310     L1_SingleJet60  1764700702      302,809.84      103685  17.79   99597   17.16   17000   17000   
311     L1_SingleJet90  249695223       42,845.89       198037  33.98   190078  32.75   1500    1200    
312     L1_SingleJet120 65360194        11,215.34       222173  38.12   213288  36.75   350     280     
313     L1_SingleJet180 11817850        2,027.86        11817850        2,027.86        11330359        1,952.07        1       1       
314     L1_SingleJet200 8359688 1,434.46        8359688 1,434.46        8007902 1,379.65        1       1       
315             n/a     n/a     n/a     n/a     0       0.00    0       0       
316     L1_SingleJet35er2p5     22265640753     3,820,622.45    0       0.00    0       0.00    0       0       
317     L1_SingleJet60er2p5     1577240363      270,643.01      0       0.00    0       0.00    0       0       
318     L1_SingleJet90er2p5     226981825       38,948.43       0       0.00    0       0.00    0       0       
319     L1_SingleJet120er2p5    60326830        10,351.65       0       0.00    0       0.00    0       0       
320     L1_SingleJet140er2p5    30419637        5,219.79        0       0.00    0       0.00    0       0       
321     L1_SingleJet160er2p5    17345251        2,976.32        0       0.00    0       0.00    0       0       
322     L1_SingleJet180er2p5    10944562        1,878.01        10944562        1,878.01        10491796        1,807.59        1       1       
323             n/a     n/a     n/a     n/a     0       0.00    0       0       
324     L1_SingleJet35_FWD3p0   2464277218      422,852.10      23819   4.09    22850   3.94    103000  103000  
325     L1_SingleJet60_FWD3p0   161863657       27,774.63       210097  36.05   201788  34.77   770     770     
326     L1_SingleJet90_FWD3p0   15748019        2,702.25        62879   10.79   60395   10.41   250     250     
327     L1_SingleJet120_FWD3p0  2830299 485.66  70646   12.12   67790   11.68   40      40      
328             n/a     n/a     n/a     n/a     0       0.00    0       0       
329     L1_SingleJet8erHE       54767236361     9,397,660.51    0       0.00    0       0.00    0       0       
330     L1_SingleJet10erHE      50768942860     8,711,582.35    0       0.00    0       0.00    0       0       
331     L1_SingleJet12erHE      46030873991     7,898,564.10    0       0.00    0       0.00    0       0       
332     L1_SingleJet140er2p5_ETMHF70    11619761        1,993.87        0       0.00    0       0.00    0       0       
333     L1_SingleJet140er2p5_ETMHF80    9177964 1,574.87        9177964 1,574.87        8791047 1,514.58        1       1       
334     L1_SingleJet140er2p5_ETMHF90    7249875 1,244.03        7249875 1,244.03        6939316 1,195.55        1       1       
335             n/a     n/a     n/a     n/a     0       0.00    0       0       
336             n/a     n/a     n/a     n/a     0       0.00    0       0       
337             n/a     n/a     n/a     n/a     0       0.00    0       0       
338             n/a     n/a     n/a     n/a     0       0.00    0       0       
339             n/a     n/a     n/a     n/a     0       0.00    0       0       
340     L1_DoubleJet40er2p5     1676149291      287,615.06      199432  34.22   191552  33.00   8400    8400    
341     L1_DoubleJet100er2p5    26443880        4,537.58        155446  26.67   149389  25.74   170     170     
342     L1_DoubleJet120er2p5    12309970        2,112.30        175745  30.16   168816  29.08   70      70      
343     L1_DoubleJet150er2p5    4854970 833.08  4854970 833.08  4663714 803.49  1       1       
344             n/a     n/a     n/a     n/a     0       0.00    0       0       
345     L1_DoubleJet100er2p3_dEta_Max1p6        17328275        2,973.41        0       0.00    0       0.00    0       0       
346     L1_DoubleJet112er2p3_dEta_Max1p6        10783126        1,850.31        10783126        1,850.31        10358824        1,784.68        1       1       
347             n/a     n/a     n/a     n/a     0       0.00    0       0       
348     L1_DoubleJet30er2p5_Mass_Min150_dEta_Max1p5     140306813       24,075.63       0       0.00    0       0.00    0       0       
349     L1_DoubleJet30er2p5_Mass_Min200_dEta_Max1p5     43215565        7,415.48        0       0.00    0       0.00    0       0       
350     L1_DoubleJet30er2p5_Mass_Min250_dEta_Max1p5     17209263        2,952.98        0       0.00    0       0.00    0       0       
351     L1_DoubleJet30er2p5_Mass_Min300_dEta_Max1p5     8162731 1,400.67        8162731 1,400.67        7839866 1,350.70        1       1       
352     L1_DoubleJet30er2p5_Mass_Min330_dEta_Max1p5     5550161 952.37  5550161 952.37  5330086 918.30  1       1       
353     L1_DoubleJet30er2p5_Mass_Min360_dEta_Max1p5     3896230 668.56  3896230 668.56  3741290 644.57  1       1       
354             n/a     n/a     n/a     n/a     0       0.00    0       0       
355     L1_DoubleJet_90_30_DoubleJet30_Mass_Min620      25240319        4,331.06        0       0.00    0       0.00    0       0       
356     L1_DoubleJet_100_30_DoubleJet30_Mass_Min620     18772331        3,221.20        0       0.00    0       0.00    0       0       
357     L1_DoubleJet_110_35_DoubleJet35_Mass_Min620     12866217        2,207.75        12866217        2,207.75        12355162        2,128.63        1       1       
358     L1_DoubleJet_115_40_DoubleJet40_Mass_Min620     10407957        1,785.93        10407957        1,785.93        9995602 1,722.11        1       1       
359     L1_DoubleJet_120_45_DoubleJet45_Mass_Min620     8666446 1,487.10        8666446 1,487.10        8323508 1,434.03        1       1       
360     L1_DoubleJet_115_40_DoubleJet40_Mass_Min620_Jet60TT28   10102227        1,733.47        10102227        1,733.47        9702157 1,671.55        1       1       
361     L1_DoubleJet_120_45_DoubleJet45_Mass_Min620_Jet60TT28   8486788 1,456.27        8486788 1,456.27        8151077 1,404.32        1       1       
362             n/a     n/a     n/a     n/a     0       0.00    0       0       
363     L1_DoubleJet35_Mass_Min450_IsoTau45_RmOvlp      8309341 1,425.82        0       0.00    0       0.00    0       0       
364     L1_DoubleJet_80_30_Mass_Min420_IsoTau40_RmOvlp  5865143 1,006.42        0       0.00    0       0.00    0       0       
365     L1_DoubleJet_80_30_Mass_Min420_Mu8      1742511 299.00  0       0.00    0       0.00    0       0       
366     L1_DoubleJet_80_30_Mass_Min420_DoubleMu0_SQ     774467  132.89  0       0.00    0       0.00    0       0       
367             n/a     n/a     n/a     n/a     0       0.00    0       0       
368             n/a     n/a     n/a     n/a     0       0.00    0       0       
369             n/a     n/a     n/a     n/a     0       0.00    0       0       
370             n/a     n/a     n/a     n/a     0       0.00    0       0       
371             n/a     n/a     n/a     n/a     0       0.00    0       0       
372     L1_TripleJet_95_75_65_DoubleJet_75_65_er2p5     11544787        1,981.00        11544787        1,981.00        11089764        1,910.61        1       1       
373     L1_TripleJet_100_80_70_DoubleJet_80_70_er2p5    8166832 1,401.37        8166832 1,401.37        7844964 1,351.58        1       1       
374     L1_TripleJet_105_85_75_DoubleJet_85_75_er2p5    5828371 1,000.11        5828371 1,000.11        5598783 964.59  1       1       
375             n/a     n/a     n/a     n/a     0       0.00    0       0       
376     L1_QuadJet_95_75_65_20_DoubleJet_75_65_er2p5_Jet20_FWD3p0       3114836 534.48  3114836 534.48  2990615 515.24  1       1       
377             n/a     n/a     n/a     n/a     0       0.00    0       0       
378             n/a     n/a     n/a     n/a     0       0.00    0       0       
379             n/a     n/a     n/a     n/a     0       0.00    0       0       
380             n/a     n/a     n/a     n/a     0       0.00    0       0       
381             n/a     n/a     n/a     n/a     0       0.00    0       0       
382     L1_QuadJet60er2p5       2006539 344.31  0       0.00    0       0.00    0       0       
383             n/a     n/a     n/a     n/a     0       0.00    0       0       
384     L1_HTT280er_QuadJet_70_55_40_35_er2p4   14396827        2,470.39        0       0.00    0       0.00    0       0       
385     L1_HTT320er_QuadJet_70_55_40_40_er2p4   7423315 1,273.79        7423315 1,273.79        7128759 1,228.19        1       1       
386     L1_HTT320er_QuadJet_80_60_er2p1_45_40_er2p3     6378097 1,094.44        6378097 1,094.44        6124920 1,055.24        1       1       
387     L1_HTT320er_QuadJet_80_60_er2p1_50_45_er2p3     4712716 808.67  4712716 808.67  4525750 779.72  1       1       
388             n/a     n/a     n/a     n/a     0       0.00    0       0       
389             n/a     n/a     n/a     n/a     0       0.00    0       0       
390             n/a     n/a     n/a     n/a     0       0.00    0       0       
391             n/a     n/a     n/a     n/a     0       0.00    0       0       
392             n/a     n/a     n/a     n/a     0       0.00    0       0       
393             n/a     n/a     n/a     n/a     0       0.00    0       0       
394             n/a     n/a     n/a     n/a     0       0.00    0       0       
395             n/a     n/a     n/a     n/a     0       0.00    0       0       
396             n/a     n/a     n/a     n/a     0       0.00    0       0       
397             n/a     n/a     n/a     n/a     0       0.00    0       0       
398     L1_HTT120er     1090386157      187,102.36      95539   16.39   91818   15.82   11400   11400   
399     L1_HTT160er     374980727       64,343.97       91350   15.68   87751   15.12   4100    4100    
400     L1_HTT200er     151853064       26,056.88       94799   16.27   91103   15.70   1600    1600    
401     L1_HTT255er     54637645        9,375.42        109155  18.73   104808  18.06   500     500     
402     L1_HTT280er     36903253        6,332.33        0       0.00    0       0.00    0       0       
403     L1_HTT320er     21350917        3,663.66        0       0.00    0       0.00    0       0       
404     L1_HTT360er     13524556        2,320.72        13524556        2,320.72        12969739        2,234.51        1       1       
405     L1_HTT400er     9284838 1,593.21        9284838 1,593.21        8897180 1,532.86        1       1       
406     L1_HTT450er     6420942 1,101.79        6420942 1,101.79        6146131 1,058.89        1       1       
407             n/a     n/a     n/a     n/a     0       0.00    0       0       
408             n/a     n/a     n/a     n/a     0       0.00    0       0       
409             n/a     n/a     n/a     n/a     0       0.00    0       0       
410     L1_ETT1200      2943027 505.00  0       0.00    0       0.00    0       0       
411     L1_ETT1600      2825985 484.92  0       0.00    0       0.00    0       0       
412     L1_ETT2000      2822431 484.31  2822431 484.31  2690011 463.45  1       1       
413             n/a     n/a     n/a     n/a     0       0.00    0       0       
414             n/a     n/a     n/a     n/a     0       0.00    0       0       
415             n/a     n/a     n/a     n/a     0       0.00    0       0       
416     L1_ETM120       6448750 1,106.56        0       0.00    0       0.00    0       0       
417     L1_ETM150       3554464 609.92  3554464 609.92  3381208 582.54  1       1       
418             n/a     n/a     n/a     n/a     0       0.00    0       0       
419             n/a     n/a     n/a     n/a     0       0.00    0       0       
420             n/a     n/a     n/a     n/a     0       0.00    0       0       
421     L1_ETMHF100     11684690        2,005.01        11684690        2,005.01        11134524        1,918.33        1       1       
422     L1_ETMHF110     7302830 1,253.11        7302830 1,253.11        6943790 1,196.32        1       1       
423     L1_ETMHF120     5287701 907.33  5287701 907.33  5023023 865.40  1       1       
424     L1_ETMHF130     4292274 736.52  4292274 736.52  4077890 702.56  1       1       
425     L1_ETMHF140     3789789 650.30  3789789 650.30  3602176 620.61  1       1       
426     L1_ETMHF150     3537089 606.94  3537089 606.94  3364389 579.64  1       1       
427             n/a     n/a     n/a     n/a     0       0.00    0       0       
428     L1_ETMHF90_HTT60er      19710101        3,382.11        0       0.00    0       0.00    0       0       
429     L1_ETMHF100_HTT60er     10587260        1,816.70        10587260        1,816.70        10091974        1,738.71        1       1       
430     L1_ETMHF110_HTT60er     6730592 1,154.92        6730592 1,154.92        6402184 1,103.01        1       1       
431     L1_ETMHF120_HTT60er     4917374 843.79  4917374 843.79  4672315 804.98  1       1       
432     L1_ETMHF130_HTT60er     4008617 687.85  4008617 687.85  3807872 656.04  1       1       
433             n/a     n/a     n/a     n/a     0       0.00    0       0       
434             n/a     n/a     n/a     n/a     0       0.00    0       0       
435             n/a     n/a     n/a     n/a     0       0.00    0       0       
436             n/a     n/a     n/a     n/a     0       0.00    0       0       
437             n/a     n/a     n/a     n/a     0       0.00    0       0       
438             n/a     n/a     n/a     n/a     0       0.00    0       0       
439             n/a     n/a     n/a     n/a     0       0.00    0       0       
440             n/a     n/a     n/a     n/a     0       0.00    0       0       
441             n/a     n/a     n/a     n/a     0       0.00    0       0       
442             n/a     n/a     n/a     n/a     0       0.00    0       0       
443     L1_ETMHF120_NotSecondBunchInTrain       5174135 887.84  0       0.00    0       0.00    0       0       
444     L1_ETMHF110_HTT60er_NotSecondBunchInTrain       6582626 1,129.53        0       0.00    0       0.00    0       0       
445             n/a     n/a     n/a     n/a     0       0.00    0       0       
446     L1_SingleMuOpen_NotBptxOR       5975324 1,025.32        1367    0.23    1283    0.22    4000    4000    
447     L1_SingleMuOpen_er1p4_NotBptxOR_3BX     799474  137.18  799474  137.18  661568  113.98  1       1       
448     L1_SingleMuOpen_er1p1_NotBptxOR_3BX     555589  95.33   555589  95.33   437039  75.30   1       1       
449             n/a     n/a     n/a     n/a     0       0.00    0       0       
450     L1_SingleJet20er2p5_NotBptxOR   935415551       160,510.52      233727  40.11   222028  38.25   4000    4000    
451     L1_SingleJet20er2p5_NotBptxOR_3BX       698169263       119,800.78      0       0.00    0       0.00    0       0       
452     L1_SingleJet43er2p5_NotBptxOR_3BX       2785032 477.89  2785032 477.89  2524024 434.85  1       1       
453     L1_SingleJet46er2p5_NotBptxOR_3BX       1525116 261.70  1525116 261.70  1335408 230.07  1       1       
454             n/a     n/a     n/a     n/a     0       0.00    0       0       
455             n/a     n/a     n/a     n/a     0       0.00    0       0       
456             n/a     n/a     n/a     n/a     0       0.00    0       0       
457             n/a     n/a     n/a     n/a     0       0.00    0       0       
458     L1_AlwaysTrue   233555430258    40,076,417.77   0       0.00    0       0.00    0       0       n/a
459     L1_ZeroBias     161479239936    27,708,666.31   9030710 1,549.60        8719680 1,502.28        17881   17881   n/a
460     L1_ZeroBias_copy        161479239936    27,708,666.31   0       0.00    0       0.00    0       0       n/a
461     L1_MinimumBiasHF0_AND_BptxAND   143679307780    24,654,327.06   0       0.00    0       0.00    0       0       n/a
462             n/a     n/a     n/a     n/a     0       0.00    0       0       
463     L1_NotBptxOR    70552798710     12,106,348.51   0       0.00    0       0.00    0       0       
464     L1_BptxOR       163002631548    27,970,069.26   0       0.00    0       0.00    0       0       n/a
465     L1_BptxXOR      1523391612      261,402.95      0       0.00    0       0.00    0       0       n/a
466     L1_BptxPlus     162240937020    27,839,368.00   0       0.00    0       0.00    0       0       n/a
467     L1_BptxMinus    162240934464    27,839,367.56   0       0.00    0       0.00    0       0       n/a
468     L1_UnpairedBunchBptxPlus        761697084       130,701.69      0       0.00    0       0.00    0       0       n/a
469     L1_UnpairedBunchBptxMinus       761694528       130,701.26      0       0.00    0       0.00    0       0       n/a
470             n/a     n/a     n/a     n/a     0       0.00    0       0       
471     L1_IsolatedBunch        0       0.00    0       0.00    0       0.00    110     110     n/a
472     L1_FirstBunchBeforeTrain        3364150832      577,263.88      12349   2.12    12007   2.07    269167  269167  n/a
473     L1_FirstBunchInTrain    3364150832      577,263.88      12349   2.12    33      0.01    269167  269167  n/a
474     L1_SecondBunchInTrain   3364150832      577,263.88      0       0.00    0       0.00    0       0       n/a
475     L1_SecondLastBunchInTrain       3364150832      577,263.88      0       0.00    0       0.00    0       0       n/a
476     L1_LastBunchInTrain     3364150832      577,263.88      0       0.00    0       0.00    0       0       n/a
477     L1_FirstBunchAfterTrain 3364150832      577,263.88      12349   2.12    11298   1.95    269167  269167  n/a
478     L1_LastCollisionInTrain 3364132357      577,260.71      12349   2.12    11881   2.05    269167  269167  
479     L1_FirstCollisionInTrain        3364150832      577,263.88      12349   2.12    33      0.01    269167  269167  n/a
480     L1_FirstCollisionInOrbit        63474544        10,891.77       57386   9.85    55681   9.59    1103    1103    n/a
481             n/a     n/a     n/a     n/a     0       0.00    0       0       
482     L1_BPTX_NotOR_VME       70225118710     12,050,121.00   0       0.00    0       0.00    0       0       
483     L1_BPTX_OR_Ref3_VME     163002631548    27,970,069.26   0       0.00    0       0.00    0       0       n/a
484     L1_BPTX_OR_Ref4_VME     161479239936    27,708,666.31   0       0.00    0       0.00    0       0       n/a
485     L1_BPTX_RefAND_VME      161479239936    27,708,666.31   0       0.00    0       0.00    0       0       n/a
486     L1_BPTX_AND_Ref1_VME    161479239936    27,708,666.31   0       0.00    0       0.00    0       0       n/a
487     L1_BPTX_AND_Ref3_VME    161479239936    27,708,666.31   0       0.00    0       0.00    0       0       n/a
488     L1_BPTX_AND_Ref4_VME    161479239936    27,708,666.31   0       0.00    0       0.00    0       0       n/a
489     L1_BPTX_BeamGas_Ref1_VME        162240937020    27,839,368.00   0       0.00    0       0.00    0       0       n/a
490     L1_BPTX_BeamGas_Ref2_VME        162240934464    27,839,367.56   0       0.00    0       0.00    0       0       n/a
491     L1_BPTX_BeamGas_B1_VME  418     0.07    0       0.00    0       0.00    0       0       
492     L1_BPTX_BeamGas_B2_VME  7207    1.24    0       0.00    0       0.00    0       0       
493             n/a     n/a     n/a     n/a     0       0.00    0       0       
494     L1_CDC_SingleMu_3_er1p2_TOP120_DPHI2p618_3p142  1062048 182.24  55774   9.57    49596   8.54    19      19      
495             n/a     n/a     n/a     n/a     0       0.00    0       0       
496             n/a     n/a     n/a     n/a     0       0.00    0       0       
497             n/a     n/a     n/a     n/a     0       0.00    0       0       
498             n/a     n/a     n/a     n/a     0       0.00    0       0       
499             n/a     n/a     n/a     n/a     0       0.00    0       0       
500     L1_HCAL_LaserMon_Trig   0       0.00    0       0.00    0       0.00    0       0       n/a
501     L1_HCAL_LaserMon_Veto   0       0.00    0       0.00    0       0.00    0       0       n/a
502             n/a     n/a     n/a     n/a     0       0.00    0       0       
503     L1_TOTEM_1      0       0.00    0       0.00    0       0.00    0       0       n/a
504     L1_TOTEM_2      0       0.00    0       0.00    0       0.00    0       0       n/a
505     L1_TOTEM_3      0       0.00    0       0.00    0       0.00    0       0       n/a
506     L1_TOTEM_4      0       0.00    0       0.00    0       0.00    0       0       n/a